1000
2 1999 
4 1997 
6 1995 
8 1993 
10 1991 
12 1989 
14 1987 
16 1985 
18 1983 
20 1981 
22 1979 
24 1977 
26 1975 
28 1973 
30 1971 
32 1969 
34 1967 
36 1965 
38 1963 
40 1961 
42 1959 
44 1957 
46 1955 
48 1953 
50 1951 
52 1949 
54 1947 
56 1945 
58 1943 
60 1941 
62 1939 
64 1937 
66 1935 
68 1933 
70 1931 
72 1929 
74 1927 
76 1925 
78 1923 
80 1921 
82 1919 
84 1917 
86 1915 
88 1913 
90 1911 
92 1909 
94 1907 
96 1905 
98 1903 
100 1901 
102 1899 
104 1897 
106 1895 
108 1893 
110 1891 
112 1889 
114 1887 
116 1885 
118 1883 
120 1881 
122 1879 
124 1877 
126 1875 
128 1873 
130 1871 
132 1869 
134 1867 
136 1865 
138 1863 
140 1861 
142 1859 
144 1857 
146 1855 
148 1853 
150 1851 
152 1849 
154 1847 
156 1845 
158 1843 
160 1841 
162 1839 
164 1837 
166 1835 
168 1833 
170 1831 
172 1829 
174 1827 
176 1825 
178 1823 
180 1821 
182 1819 
184 1817 
186 1815 
188 1813 
190 1811 
192 1809 
194 1807 
196 1805 
198 1803 
200 1801 
202 1799 
204 1797 
206 1795 
208 1793 
210 1791 
212 1789 
214 1787 
216 1785 
218 1783 
220 1781 
222 1779 
224 1777 
226 1775 
228 1773 
230 1771 
232 1769 
234 1767 
236 1765 
238 1763 
240 1761 
242 1759 
244 1757 
246 1755 
248 1753 
250 1751 
252 1749 
254 1747 
256 1745 
258 1743 
260 1741 
262 1739 
264 1737 
266 1735 
268 1733 
270 1731 
272 1729 
274 1727 
276 1725 
278 1723 
280 1721 
282 1719 
284 1717 
286 1715 
288 1713 
290 1711 
292 1709 
294 1707 
296 1705 
298 1703 
300 1701 
302 1699 
304 1697 
306 1695 
308 1693 
310 1691 
312 1689 
314 1687 
316 1685 
318 1683 
320 1681 
322 1679 
324 1677 
326 1675 
328 1673 
330 1671 
332 1669 
334 1667 
336 1665 
338 1663 
340 1661 
342 1659 
344 1657 
346 1655 
348 1653 
350 1651 
352 1649 
354 1647 
356 1645 
358 1643 
360 1641 
362 1639 
364 1637 
366 1635 
368 1633 
370 1631 
372 1629 
374 1627 
376 1625 
378 1623 
380 1621 
382 1619 
384 1617 
386 1615 
388 1613 
390 1611 
392 1609 
394 1607 
396 1605 
398 1603 
400 1601 
402 1599 
404 1597 
406 1595 
408 1593 
410 1591 
412 1589 
414 1587 
416 1585 
418 1583 
420 1581 
422 1579 
424 1577 
426 1575 
428 1573 
430 1571 
432 1569 
434 1567 
436 1565 
438 1563 
440 1561 
442 1559 
444 1557 
446 1555 
448 1553 
450 1551 
452 1549 
454 1547 
456 1545 
458 1543 
460 1541 
462 1539 
464 1537 
466 1535 
468 1533 
470 1531 
472 1529 
474 1527 
476 1525 
478 1523 
480 1521 
482 1519 
484 1517 
486 1515 
488 1513 
490 1511 
492 1509 
494 1507 
496 1505 
498 1503 
500 1501 
502 1499 
504 1497 
506 1495 
508 1493 
510 1491 
512 1489 
514 1487 
516 1485 
518 1483 
520 1481 
522 1479 
524 1477 
526 1475 
528 1473 
530 1471 
532 1469 
534 1467 
536 1465 
538 1463 
540 1461 
542 1459 
544 1457 
546 1455 
548 1453 
550 1451 
552 1449 
554 1447 
556 1445 
558 1443 
560 1441 
562 1439 
564 1437 
566 1435 
568 1433 
570 1431 
572 1429 
574 1427 
576 1425 
578 1423 
580 1421 
582 1419 
584 1417 
586 1415 
588 1413 
590 1411 
592 1409 
594 1407 
596 1405 
598 1403 
600 1401 
602 1399 
604 1397 
606 1395 
608 1393 
610 1391 
612 1389 
614 1387 
616 1385 
618 1383 
620 1381 
622 1379 
624 1377 
626 1375 
628 1373 
630 1371 
632 1369 
634 1367 
636 1365 
638 1363 
640 1361 
642 1359 
644 1357 
646 1355 
648 1353 
650 1351 
652 1349 
654 1347 
656 1345 
658 1343 
660 1341 
662 1339 
664 1337 
666 1335 
668 1333 
670 1331 
672 1329 
674 1327 
676 1325 
678 1323 
680 1321 
682 1319 
684 1317 
686 1315 
688 1313 
690 1311 
692 1309 
694 1307 
696 1305 
698 1303 
700 1301 
702 1299 
704 1297 
706 1295 
708 1293 
710 1291 
712 1289 
714 1287 
716 1285 
718 1283 
720 1281 
722 1279 
724 1277 
726 1275 
728 1273 
730 1271 
732 1269 
734 1267 
736 1265 
738 1263 
740 1261 
742 1259 
744 1257 
746 1255 
748 1253 
750 1251 
752 1249 
754 1247 
756 1245 
758 1243 
760 1241 
762 1239 
764 1237 
766 1235 
768 1233 
770 1231 
772 1229 
774 1227 
776 1225 
778 1223 
780 1221 
782 1219 
784 1217 
786 1215 
788 1213 
790 1211 
792 1209 
794 1207 
796 1205 
798 1203 
800 1201 
802 1199 
804 1197 
806 1195 
808 1193 
810 1191 
812 1189 
814 1187 
816 1185 
818 1183 
820 1181 
822 1179 
824 1177 
826 1175 
828 1173 
830 1171 
832 1169 
834 1167 
836 1165 
838 1163 
840 1161 
842 1159 
844 1157 
846 1155 
848 1153 
850 1151 
852 1149 
854 1147 
856 1145 
858 1143 
860 1141 
862 1139 
864 1137 
866 1135 
868 1133 
870 1131 
872 1129 
874 1127 
876 1125 
878 1123 
880 1121 
882 1119 
884 1117 
886 1115 
888 1113 
890 1111 
892 1109 
894 1107 
896 1105 
898 1103 
900 1101 
902 1099 
904 1097 
906 1095 
908 1093 
910 1091 
912 1089 
914 1087 
916 1085 
918 1083 
920 1081 
922 1079 
924 1077 
926 1075 
928 1073 
930 1071 
932 1069 
934 1067 
936 1065 
938 1063 
940 1061 
942 1059 
944 1057 
946 1055 
948 1053 
950 1051 
952 1049 
954 1047 
956 1045 
958 1043 
960 1041 
962 1039 
964 1037 
966 1035 
968 1033 
970 1031 
972 1029 
974 1027 
976 1025 
978 1023 
980 1021 
982 1019 
984 1017 
986 1015 
988 1013 
990 1011 
992 1009 
994 1007 
996 1005 
998 1003 
1000 1001 
1002 999 
1004 997 
1006 995 
1008 993 
1010 991 
1012 989 
1014 987 
1016 985 
1018 983 
1020 981 
1022 979 
1024 977 
1026 975 
1028 973 
1030 971 
1032 969 
1034 967 
1036 965 
1038 963 
1040 961 
1042 959 
1044 957 
1046 955 
1048 953 
1050 951 
1052 949 
1054 947 
1056 945 
1058 943 
1060 941 
1062 939 
1064 937 
1066 935 
1068 933 
1070 931 
1072 929 
1074 927 
1076 925 
1078 923 
1080 921 
1082 919 
1084 917 
1086 915 
1088 913 
1090 911 
1092 909 
1094 907 
1096 905 
1098 903 
1100 901 
1102 899 
1104 897 
1106 895 
1108 893 
1110 891 
1112 889 
1114 887 
1116 885 
1118 883 
1120 881 
1122 879 
1124 877 
1126 875 
1128 873 
1130 871 
1132 869 
1134 867 
1136 865 
1138 863 
1140 861 
1142 859 
1144 857 
1146 855 
1148 853 
1150 851 
1152 849 
1154 847 
1156 845 
1158 843 
1160 841 
1162 839 
1164 837 
1166 835 
1168 833 
1170 831 
1172 829 
1174 827 
1176 825 
1178 823 
1180 821 
1182 819 
1184 817 
1186 815 
1188 813 
1190 811 
1192 809 
1194 807 
1196 805 
1198 803 
1200 801 
1202 799 
1204 797 
1206 795 
1208 793 
1210 791 
1212 789 
1214 787 
1216 785 
1218 783 
1220 781 
1222 779 
1224 777 
1226 775 
1228 773 
1230 771 
1232 769 
1234 767 
1236 765 
1238 763 
1240 761 
1242 759 
1244 757 
1246 755 
1248 753 
1250 751 
1252 749 
1254 747 
1256 745 
1258 743 
1260 741 
1262 739 
1264 737 
1266 735 
1268 733 
1270 731 
1272 729 
1274 727 
1276 725 
1278 723 
1280 721 
1282 719 
1284 717 
1286 715 
1288 713 
1290 711 
1292 709 
1294 707 
1296 705 
1298 703 
1300 701 
1302 699 
1304 697 
1306 695 
1308 693 
1310 691 
1312 689 
1314 687 
1316 685 
1318 683 
1320 681 
1322 679 
1324 677 
1326 675 
1328 673 
1330 671 
1332 669 
1334 667 
1336 665 
1338 663 
1340 661 
1342 659 
1344 657 
1346 655 
1348 653 
1350 651 
1352 649 
1354 647 
1356 645 
1358 643 
1360 641 
1362 639 
1364 637 
1366 635 
1368 633 
1370 631 
1372 629 
1374 627 
1376 625 
1378 623 
1380 621 
1382 619 
1384 617 
1386 615 
1388 613 
1390 611 
1392 609 
1394 607 
1396 605 
1398 603 
1400 601 
1402 599 
1404 597 
1406 595 
1408 593 
1410 591 
1412 589 
1414 587 
1416 585 
1418 583 
1420 581 
1422 579 
1424 577 
1426 575 
1428 573 
1430 571 
1432 569 
1434 567 
1436 565 
1438 563 
1440 561 
1442 559 
1444 557 
1446 555 
1448 553 
1450 551 
1452 549 
1454 547 
1456 545 
1458 543 
1460 541 
1462 539 
1464 537 
1466 535 
1468 533 
1470 531 
1472 529 
1474 527 
1476 525 
1478 523 
1480 521 
1482 519 
1484 517 
1486 515 
1488 513 
1490 511 
1492 509 
1494 507 
1496 505 
1498 503 
1500 501 
1502 499 
1504 497 
1506 495 
1508 493 
1510 491 
1512 489 
1514 487 
1516 485 
1518 483 
1520 481 
1522 479 
1524 477 
1526 475 
1528 473 
1530 471 
1532 469 
1534 467 
1536 465 
1538 463 
1540 461 
1542 459 
1544 457 
1546 455 
1548 453 
1550 451 
1552 449 
1554 447 
1556 445 
1558 443 
1560 441 
1562 439 
1564 437 
1566 435 
1568 433 
1570 431 
1572 429 
1574 427 
1576 425 
1578 423 
1580 421 
1582 419 
1584 417 
1586 415 
1588 413 
1590 411 
1592 409 
1594 407 
1596 405 
1598 403 
1600 401 
1602 399 
1604 397 
1606 395 
1608 393 
1610 391 
1612 389 
1614 387 
1616 385 
1618 383 
1620 381 
1622 379 
1624 377 
1626 375 
1628 373 
1630 371 
1632 369 
1634 367 
1636 365 
1638 363 
1640 361 
1642 359 
1644 357 
1646 355 
1648 353 
1650 351 
1652 349 
1654 347 
1656 345 
1658 343 
1660 341 
1662 339 
1664 337 
1666 335 
1668 333 
1670 331 
1672 329 
1674 327 
1676 325 
1678 323 
1680 321 
1682 319 
1684 317 
1686 315 
1688 313 
1690 311 
1692 309 
1694 307 
1696 305 
1698 303 
1700 301 
1702 299 
1704 297 
1706 295 
1708 293 
1710 291 
1712 289 
1714 287 
1716 285 
1718 283 
1720 281 
1722 279 
1724 277 
1726 275 
1728 273 
1730 271 
1732 269 
1734 267 
1736 265 
1738 263 
1740 261 
1742 259 
1744 257 
1746 255 
1748 253 
1750 251 
1752 249 
1754 247 
1756 245 
1758 243 
1760 241 
1762 239 
1764 237 
1766 235 
1768 233 
1770 231 
1772 229 
1774 227 
1776 225 
1778 223 
1780 221 
1782 219 
1784 217 
1786 215 
1788 213 
1790 211 
1792 209 
1794 207 
1796 205 
1798 203 
1800 201 
1802 199 
1804 197 
1806 195 
1808 193 
1810 191 
1812 189 
1814 187 
1816 185 
1818 183 
1820 181 
1822 179 
1824 177 
1826 175 
1828 173 
1830 171 
1832 169 
1834 167 
1836 165 
1838 163 
1840 161 
1842 159 
1844 157 
1846 155 
1848 153 
1850 151 
1852 149 
1854 147 
1856 145 
1858 143 
1860 141 
1862 139 
1864 137 
1866 135 
1868 133 
1870 131 
1872 129 
1874 127 
1876 125 
1878 123 
1880 121 
1882 119 
1884 117 
1886 115 
1888 113 
1890 111 
1892 109 
1894 107 
1896 105 
1898 103 
1900 101 
1902 99 
1904 97 
1906 95 
1908 93 
1910 91 
1912 89 
1914 87 
1916 85 
1918 83 
1920 81 
1922 79 
1924 77 
1926 75 
1928 73 
1930 71 
1932 69 
1934 67 
1936 65 
1938 63 
1940 61 
1942 59 
1944 57 
1946 55 
1948 53 
1950 51 
1952 49 
1954 47 
1956 45 
1958 43 
1960 41 
1962 39 
1964 37 
1966 35 
1968 33 
1970 31 
1972 29 
1974 27 
1976 25 
1978 23 
1980 21 
1982 19 
1984 17 
1986 15 
1988 13 
1990 11 
1992 9 
1994 7 
1996 5 
1998 3 
2000 1 
